00007802
0000C451
00004463
00004A43
0000FA10
0000A15C
0000405A
00004A42
0000A288
0000C694
000087F4
00002142
0000B880
0000B494
000084F0
00000588
0000290F
0000E842
00008571
00000169
00002909
0000E00B
00001145
0000118D
0000850A
0000E202
0000D252
000013C0
00001622
00008A23
00001A52
00001FD0
000005A4
0000A427
0000802C
00004514
00004634
0000A43F
0000A10A
000015C4
00004F00
0000588A
0000288C
00006948
00007F42
0000142B
0000880B
00004948
00001451
000018d2
000090fe
00008428
00002082
00002c11
00000951
00000840
00002082
00002c11
00000951
00000840
00002082
00002c11
00000951
00000840
00002082
00002c11
00000951
00000840
00002082
00002c11
00000951
00000840
00002082
00002c11
00000951
00000840
00002082
00002c11
00000951
00000840
00002082
00002c11
00000951
00000840
00002082
00002c11
00000951
00000840
00002082
00002c11
00000951
00000840
00002082
00002c11
00000951
00000840
00002082
00002c11
00000951
00000840
00002082
00002c11
00000951
00000840
00002082
00002c11
00000951
00000840
00002082
00002c11
00000951
00000840
00002082
00002c11
00000951
00000840
00000000
00000000
00000000
00000000
00000000
00000000
00000000
00000000
00000000
00000000
00000000
00000000
00000000
00000000
00000000
00000000
00000000
00000000
00000000
00000000
00000000
00000000
00000000
00000000
00000000
00000000
00000000
00000000
00000000
00000000
00000000
00000000
00000000
00000000
00000000
00000000
00000000
00000000
00000000
00000000
00000000
00000000
00000000
00000000
00000000
00000000
00000000
00000000
00000000
00000000
00000000
00000000
00000000
00000000
00000000
00000000
00000000
00000000
00000000
00000000
00000000
00000000
00000000
00000000
00000000